   36.00000       36.00000      8.7266460E-02  3.4522999E-02   1.100000    
   488.0000       10800.00       10800.00    
   3008.000       3051.000       3076.000       3096.000       3129.000    
   3131.000       3135.000       3097.000       3061.000       3021.000    
   3021.000       3083.000       3149.000       3182.000       3247.000    
   3296.000       3378.000       3449.000       3544.000       3609.000    
   3631.000       3666.000       3599.000       3586.000       3527.000    
   3474.000       3514.000       3483.000       3525.000       3679.000    
   3715.000       3549.000       3621.000       3589.000       3518.000    
   3232.000       3453.000       3592.000       3541.000       3523.000    
   3438.000       3556.000       3703.000       3794.000       3871.000    
   3943.000       3977.000       3950.000       4003.000       3997.000    
   4027.000       4041.000       4038.000       4005.000       3923.000    
   3807.000       3751.000       3745.000       3596.000       3505.000    
   3353.000       3072.000       2852.000       2737.000       2640.000    
   2568.000       2508.000       2518.000       2682.000       2936.000    
   3320.000       3595.000       3836.000       4017.000       4187.000    
   4284.000       4327.000       4371.000       4348.000       4439.000    
   4520.000       4472.000       4395.000       4328.000       4287.000    
   4255.000       4245.000       4272.000       4204.000       4015.000    
   3967.000       3927.000       3605.000       3526.000       3330.000    
   3477.000       3237.000       3042.000       2232.000       1192.000    
   934.0000       647.0000       567.0000       539.0000       499.0000    
   510.0000       511.0000       557.0000       719.0000       1152.000    
   1624.000       1755.000       1848.000       2006.000       2093.000    
   2147.000       2152.000       2156.000       2169.000       2180.000    
   2146.000       2123.000       2090.000       1984.000       1726.000    
   1407.000       1091.000       730.0000       386.0000       229.0000    
   178.0000       163.0000       140.0000       134.0000       131.0000    
   139.0000       130.0000       129.0000       125.0000       143.0000    
   85.00000       134.0000       140.0000       159.0000       126.0000    
   142.0000       145.0000       134.0000       162.0000       140.0000    
   139.0000       142.0000       139.0000       138.0000       129.0000    
   137.0000       125.0000       134.0000       136.0000       138.0000    
   140.0000       135.0000       142.0000       143.0000       128.0000    
   128.0000       99.00000       94.00000       127.0000       118.0000    
   121.0000       106.0000       85.00000       101.0000       99.00000    
   46.00000       10.00000       31.00000       51.00000       54.00000    
   54.00000       76.00000       71.00000       69.00000       82.00000    
   91.00000       90.00000       88.00000       86.00000       68.00000    
   60.00000       52.00000       45.00000       38.00000       36.00000    
   32.00000       27.00000       13.00000       12.00000       29.00000    
   24.00000       16.00000       15.00000       7.000000       22.00000    
   2965.000       3014.000       2995.000       2984.000       2936.000    
   2919.000       2988.000       3011.000       2996.000       3027.000    
   2826.000       2599.000       2840.000       2969.000       2897.000    
   2953.000       2888.000       2830.000       2821.000       2792.000    
   2803.000       2888.000       2876.000       2767.000       2615.000    
   2397.000       2476.000       2608.000       2585.000       2521.000    
   2516.000       2471.000       2322.000       2332.000       2325.000    
   2245.000       2284.000       2195.000       2185.000       2193.000    
   2283.000       2123.000       2155.000       2277.000       2296.000    
   2332.000       2208.000       2044.000       1972.000       1908.000    
   1829.000       1716.000       1687.000       1627.000       1402.000    
   1512.000       1439.000       1492.000       1545.000       1512.000    
   1429.000       1335.000       1213.000       1065.000       907.0000    
   819.0000       903.0000       957.0000       951.0000       1059.000    
   1191.000       1397.000       1504.000       1510.000       1506.000    
   1411.000       1454.000       1360.000       1356.000       1427.000    
   1367.000       1484.000       1445.000       1480.000       1459.000    
   1417.000       1368.000       1297.000       1284.000       1288.000    
   1288.000       1264.000       1214.000       1172.000       1120.000    
   1057.000       976.0000       817.0000       528.0000       385.0000    
   365.0000       331.0000       324.0000       322.0000       290.0000    
   223.0000       200.0000       179.0000       168.0000       158.0000    
   154.0000       146.0000       139.0000       143.0000       139.0000    
   139.0000       203.0000       203.0000       181.0000       170.0000    
   163.0000       186.0000       284.0000       425.0000       602.0000    
   722.0000       838.0000       924.0000       1034.000       1117.000    
   1179.000       1220.000       1239.000       1309.000       1410.000    
   1444.000       1444.000       1472.000       1486.000       1437.000    
   1418.000       1387.000       1361.000       1228.000       1095.000    
   645.0000       270.0000       304.0000       302.0000       269.0000    
   270.0000       258.0000       283.0000       251.0000       186.0000    
   120.0000       435.0000       454.0000       354.0000       89.00000    
   57.00000       205.0000       296.0000       386.0000       416.0000    
   375.0000       245.0000       197.0000       214.0000       247.0000    
   327.0000       324.0000       246.0000       215.0000       200.0000    
   200.0000       199.0000       292.0000       461.0000       324.0000    
   205.0000       167.0000       162.0000       183.0000       190.0000    
   203.0000       223.0000       276.0000       225.0000       167.0000    
   155.0000       165.0000       182.0000       200.0000       262.0000    
   330.0000       210.0000       46.00000       26.00000       192.0000    
   324.0000       324.0000       296.0000       204.0000       147.0000    
   150.0000       117.0000       140.0000       175.0000       208.0000    
   282.0000       291.0000       283.0000       253.0000       211.0000    
   217.0000       246.0000       242.0000       184.0000       213.0000    
   271.0000       269.0000       259.0000       268.0000       292.0000    
   323.0000       347.0000       320.0000       271.0000       216.0000    
   181.0000       179.0000       177.0000       181.0000       193.0000    
   202.0000       197.0000       229.0000       323.0000       353.0000    
   226.0000       245.0000       202.0000       142.0000       168.0000    
   188.0000       198.0000       243.0000       284.0000       219.0000    
   179.0000       179.0000       299.0000       526.0000       944.0000    
   1178.000       1260.000       1426.000       1954.000       2703.000    
   3355.000       3528.000       3644.000       3650.000       3721.000    
   3473.000       3028.000       2865.000       2770.000       2531.000    
   2391.000       2149.000       1649.000       1591.000       2245.000    
   2279.000       1607.000       1007.000       1126.000       1443.000    
   2287.000       2496.000       2314.000    
   5.750000      -13.25000     20140907060000  9.5828131E-02  0.2382182    
  0.1637824    
  0.0000000E+00  0.0000000E+00  0.0000000E+00  0.0000000E+00  0.0000000E+00
  0.0000000E+00  0.0000000E+00  0.0000000E+00  0.0000000E+00  0.0000000E+00
  0.0000000E+00  0.0000000E+00  0.0000000E+00  0.0000000E+00  0.0000000E+00
  0.0000000E+00  0.0000000E+00  0.0000000E+00  0.0000000E+00  0.0000000E+00
  0.0000000E+00  0.0000000E+00  0.0000000E+00  0.0000000E+00  0.0000000E+00
  0.0000000E+00  0.0000000E+00  0.0000000E+00  0.0000000E+00  0.0000000E+00
  0.0000000E+00  0.0000000E+00  0.0000000E+00  0.0000000E+00  0.0000000E+00
  0.0000000E+00  0.0000000E+00  0.0000000E+00  0.0000000E+00  0.0000000E+00
  0.0000000E+00  0.0000000E+00  0.0000000E+00  0.0000000E+00  0.0000000E+00
  0.0000000E+00  0.0000000E+00  0.0000000E+00  0.0000000E+00  0.0000000E+00
  0.0000000E+00  0.0000000E+00  0.0000000E+00  0.0000000E+00  0.0000000E+00
  0.0000000E+00  0.0000000E+00  0.0000000E+00  0.0000000E+00  0.0000000E+00
  0.0000000E+00  0.0000000E+00  0.0000000E+00  0.0000000E+00  0.0000000E+00
  0.0000000E+00  0.0000000E+00  0.0000000E+00  0.0000000E+00  0.0000000E+00
  0.0000000E+00  0.0000000E+00  0.0000000E+00  0.0000000E+00  0.0000000E+00
  0.0000000E+00  0.0000000E+00  0.0000000E+00  0.0000000E+00  0.0000000E+00
  0.0000000E+00  0.0000000E+00  0.0000000E+00  0.0000000E+00  0.0000000E+00
  0.0000000E+00  0.0000000E+00  0.0000000E+00  0.0000000E+00  0.0000000E+00
  0.0000000E+00  0.0000000E+00  0.0000000E+00  0.0000000E+00  0.0000000E+00
  0.0000000E+00  0.0000000E+00  0.0000000E+00  0.0000000E+00  0.0000000E+00
  0.0000000E+00  0.0000000E+00  0.0000000E+00  0.0000000E+00  0.0000000E+00
  0.0000000E+00  0.0000000E+00  0.0000000E+00  0.0000000E+00  0.0000000E+00
  0.0000000E+00  0.0000000E+00  0.0000000E+00  0.0000000E+00  0.0000000E+00
  0.0000000E+00  0.0000000E+00  0.0000000E+00  0.0000000E+00  0.0000000E+00
  0.0000000E+00  0.0000000E+00  0.0000000E+00  0.0000000E+00  0.0000000E+00
  0.0000000E+00  0.0000000E+00  0.0000000E+00  0.0000000E+00  0.0000000E+00
  0.0000000E+00  0.0000000E+00  0.0000000E+00  0.0000000E+00  0.0000000E+00
  0.0000000E+00  0.0000000E+00  0.0000000E+00  0.0000000E+00  0.0000000E+00
  0.0000000E+00  0.0000000E+00  0.0000000E+00  0.0000000E+00  0.0000000E+00
  0.0000000E+00  0.0000000E+00  0.0000000E+00  0.0000000E+00  0.0000000E+00
  0.0000000E+00  0.0000000E+00  0.0000000E+00  0.0000000E+00  0.0000000E+00
  0.0000000E+00  0.0000000E+00  0.0000000E+00  0.0000000E+00  0.0000000E+00
  0.0000000E+00  0.0000000E+00  0.0000000E+00  0.0000000E+00  0.0000000E+00
  0.0000000E+00  0.0000000E+00  0.0000000E+00  0.0000000E+00  0.0000000E+00
  0.0000000E+00  0.0000000E+00  0.0000000E+00  0.0000000E+00  0.0000000E+00
  0.0000000E+00  0.0000000E+00  0.0000000E+00  0.0000000E+00  0.0000000E+00
  1.9999999E-04  0.0000000E+00  0.0000000E+00  0.0000000E+00  0.0000000E+00
  0.0000000E+00  0.0000000E+00  0.0000000E+00  0.0000000E+00  0.0000000E+00
  0.0000000E+00  0.0000000E+00  0.0000000E+00  0.0000000E+00  0.0000000E+00
  0.0000000E+00  0.0000000E+00  0.0000000E+00  0.0000000E+00  0.0000000E+00
  0.0000000E+00  0.0000000E+00  0.0000000E+00  0.0000000E+00  0.0000000E+00
  0.0000000E+00  0.0000000E+00  0.0000000E+00  0.0000000E+00  0.0000000E+00
  0.0000000E+00  0.0000000E+00  1.1000000E-03  4.1999999E-03  1.7899999E-02
  4.1999999E-03  1.1800000E-02  6.0000003E-04  0.0000000E+00  0.0000000E+00
  0.0000000E+00  0.0000000E+00  0.0000000E+00  0.0000000E+00  0.0000000E+00
  1.9999999E-04  5.7000001E-03  9.1000004E-03  4.9000001E-03  1.1000000E-03
  9.9999997E-05  0.0000000E+00  0.0000000E+00  0.0000000E+00  0.0000000E+00
  0.0000000E+00  0.0000000E+00  0.0000000E+00  0.0000000E+00  0.0000000E+00
  0.0000000E+00  0.0000000E+00  0.0000000E+00  0.0000000E+00  0.0000000E+00
  0.0000000E+00  0.0000000E+00  0.0000000E+00  1.8000000E-03  5.9000002E-03
  1.7300000E-02  6.3299999E-02  1.3800000E-02  6.9999998E-04  0.0000000E+00
  0.0000000E+00  0.0000000E+00  0.0000000E+00  0.0000000E+00  0.0000000E+00
  0.0000000E+00  1.1000000E-03  2.1900000E-02  5.6200001E-02  3.5100002E-02
  9.3999999E-03  6.0000003E-04  0.0000000E+00  0.0000000E+00  0.0000000E+00
  0.0000000E+00  0.0000000E+00  0.0000000E+00  0.0000000E+00  0.0000000E+00
  0.0000000E+00  0.0000000E+00  0.0000000E+00  0.0000000E+00  0.0000000E+00
  0.0000000E+00  0.0000000E+00  1.9000000E-03  9.2000002E-03  3.4000002E-02
  8.5800000E-02  0.1139000      8.0499999E-02  8.1000002E-03  3.9999999E-04
  0.0000000E+00  0.0000000E+00  0.0000000E+00  0.0000000E+00  0.0000000E+00
  0.0000000E+00  0.0000000E+00  0.0000000E+00  3.9500002E-02  0.1819000    
  0.1310000      3.6499999E-02  4.9999999E-03  1.9999999E-04  0.0000000E+00
  0.0000000E+00  0.0000000E+00  0.0000000E+00  0.0000000E+00  0.0000000E+00
  0.0000000E+00  0.0000000E+00  0.0000000E+00  0.0000000E+00  0.0000000E+00
  0.0000000E+00  0.0000000E+00  1.1000000E-03  6.0999999E-03  2.8700000E-02
  0.1093000      0.2908000      0.4731000      8.2400002E-02  2.1900000E-02
  2.4000001E-03  9.9999997E-05  0.0000000E+00  0.0000000E+00  0.0000000E+00
  0.0000000E+00  0.0000000E+00  0.0000000E+00  0.0000000E+00  2.2399999E-02
  0.1577000      0.1335000      3.8899999E-02  5.2999998E-03  3.0000001E-04
  0.0000000E+00  0.0000000E+00  0.0000000E+00  0.0000000E+00  0.0000000E+00
  1.8000000E-03  1.7000000E-03  9.9999997E-05  0.0000000E+00  0.0000000E+00
  0.0000000E+00  0.0000000E+00  0.0000000E+00  0.0000000E+00  4.4999998E-03
  2.2900000E-02  9.3400002E-02  0.2780000      0.6397000      0.1659000    
  2.5200000E-02  3.1999999E-03  1.9999999E-04  0.0000000E+00  1.9999999E-04
  2.4000001E-03  4.9999999E-03  7.8999996E-03  8.0000004E-03  4.9999999E-03
  8.8999998E-03  7.4699998E-02  6.9600001E-02  2.0099999E-02  2.7000001E-03
  9.9999997E-05  0.0000000E+00  4.9000001E-03  7.4999998E-03  2.0999999E-03
  2.0999999E-03  3.7000000E-03  2.4999999E-03  1.9999999E-04  0.0000000E+00
  0.0000000E+00  0.0000000E+00  0.0000000E+00  0.0000000E+00  0.0000000E+00
  1.8000000E-03  8.7000001E-03  3.6600001E-02  0.1204000      0.3204000    
  0.1504000      2.0500001E-02  3.7000000E-03  2.3000001E-03  7.7999998E-03
  2.0000000E-02  3.6200002E-02  5.7999998E-02  6.1200000E-02  4.1099999E-02
  1.8400000E-02  7.7999998E-03  2.1700000E-02  2.1400001E-02  7.1999999E-03
  1.2000001E-03  9.9999997E-05  0.0000000E+00  2.6600000E-02  4.8300002E-02
  1.1100000E-02  4.8000002E-03  4.9000001E-03  2.4000001E-03  1.9999999E-04
  0.0000000E+00  0.0000000E+00  0.0000000E+00  0.0000000E+00  1.2000001E-03
  2.4999999E-03  3.5999999E-03  7.4999998E-03  2.6699999E-02  8.1500001E-02
  0.1818000      0.1072000      1.0700000E-02  4.1999999E-03  1.6600000E-02
  5.8899999E-02  0.1422000      0.3100000      0.3792000      0.2576000    
  0.1116000      3.8300000E-02  1.4900000E-02  1.0700000E-02  1.2200000E-02
  1.1100000E-02  5.2999998E-03  3.9999999E-04  0.0000000E+00  4.8999999E-02
  8.9599997E-02  1.7100001E-02  4.0000002E-03  3.8999999E-03  1.4000000E-03
  9.9999997E-05  0.0000000E+00  0.0000000E+00  2.0000001E-03  4.6999999E-03
  7.1999999E-03  8.8000000E-03  6.8999999E-03  6.3000000E-03  1.9200001E-02
  5.6899998E-02  0.1068000      4.7899999E-02  5.4000001E-03  2.2600001E-02
  0.1590000      0.4271000      0.7388000      0.9289000      0.7438000    
  0.3706000      0.1337000      5.1100001E-02  2.8200001E-02  2.1199999E-02
  3.7799999E-02  4.9600001E-02  2.6000001E-02  5.1000002E-03  3.0000001E-04
  4.1000001E-02  8.0100000E-02  1.5100000E-02  2.0999999E-03  2.0999999E-03
  1.9999999E-04  0.0000000E+00  0.0000000E+00  3.8000001E-03  1.3200000E-02
  2.9800000E-02  3.8300000E-02  2.8300000E-02  1.0800000E-02  3.8999999E-03
  8.2999999E-03  2.4700001E-02  4.2100001E-02  1.6300000E-02  1.0500000E-02
  0.1158000      0.4696000      0.8791000       1.069400      0.9772000    
  0.5964000      0.2484000      8.4299996E-02  4.4900000E-02  3.3700000E-02
  2.1700000E-02  3.6899999E-02  5.3399999E-02  3.2900002E-02  7.0000002E-03
  3.9999999E-04  1.6700000E-02  3.3599999E-02  6.3999998E-03  3.9999999E-04
  1.1000000E-03  9.9999997E-05  0.0000000E+00  2.2000000E-03  1.2400000E-02
  5.2600000E-02  0.1242000      0.1506000      9.1899998E-02  2.2000000E-02
  3.1999999E-03  2.4999999E-03  7.4000000E-03  1.2500000E-02  7.1000000E-03
  4.3099999E-02  0.2474000      0.5866000      0.7967000      0.7610000    
  0.5416000      0.2558000      9.2699997E-02  3.6200002E-02  2.6300000E-02
  2.0400001E-02  1.1300000E-02  1.5600000E-02  2.3900000E-02  1.5000000E-02
  3.1999999E-03  1.9999999E-04  6.2000002E-03  1.2000000E-02  2.3000001E-03
  9.9999997E-05  9.9999997E-05  0.0000000E+00  6.9999998E-04  4.6000001E-03
  2.5100000E-02  9.9799998E-02  0.1801000      0.2018000      0.1189000    
  2.6500000E-02  3.3000000E-03  1.4000000E-03  2.6000000E-03  4.6999999E-03
  6.8000001E-03  0.1196000      0.2997000      0.4496000      0.5239000    
  0.4341000      0.2339000      8.7700002E-02  3.0099999E-02  1.4600000E-02
  1.1400000E-02  8.2000000E-03  3.8999999E-03  4.1000000E-03  6.6999998E-03
  4.1000000E-03  3.0000001E-04  0.0000000E+00  2.0999999E-03  3.8999999E-03
  3.0000001E-04  0.0000000E+00  0.0000000E+00  0.0000000E+00  2.0000001E-03
  8.3999997E-03  3.3500001E-02  8.5400000E-02  0.1209000      0.1290000    
  7.5199999E-02  1.8999999E-02  3.8999999E-03  2.6000000E-03  3.3000000E-03
  4.8000002E-03  1.8700000E-02  0.1771000      0.2702000      0.3478000    
  0.3637000      0.2491000      0.1067000      3.5399999E-02  1.3500000E-02
  7.1999999E-03  4.6999999E-03  2.7999999E-03  1.2000001E-03  1.9999999E-04
  1.1000000E-03  9.9999997E-05  0.0000000E+00  0.0000000E+00  0.0000000E+00
  8.9999998E-04  9.9999997E-05  0.0000000E+00  0.0000000E+00  8.9999998E-04
  4.4999998E-03  1.5699999E-02  4.1200001E-02  6.7100003E-02  8.6400002E-02
  7.9499997E-02  4.5200001E-02  1.5799999E-02  6.6000000E-03  6.2000002E-03
  8.0000004E-03  1.5600000E-02  6.7400001E-02  0.1872000      0.2446000    
  0.2910000      0.2567000      0.1397000      5.4000001E-02  2.0400001E-02
  9.1000004E-03  4.4999998E-03  2.4000001E-03  1.1000000E-03  9.9999997E-05
  0.0000000E+00  0.0000000E+00  0.0000000E+00  0.0000000E+00  0.0000000E+00
  0.0000000E+00  0.0000000E+00  0.0000000E+00  0.0000000E+00  0.0000000E+00
  1.3000000E-03  7.4000000E-03  2.4000000E-02  4.8200000E-02  7.0699997E-02
  8.3300002E-02  7.0100002E-02  4.4300001E-02  2.4100000E-02  1.6799999E-02
  1.9600000E-02  3.2400001E-02  6.2799998E-02  0.1254000      0.1789000    
  0.2119000      0.2266000      0.1610000      7.9800002E-02  3.5100002E-02
  1.6200000E-02  7.4000000E-03  3.1999999E-03  1.3000000E-03  9.9999997E-05
  0.0000000E+00  0.0000000E+00  0.0000000E+00  0.0000000E+00  0.0000000E+00
  0.0000000E+00  0.0000000E+00  0.0000000E+00  0.0000000E+00  0.0000000E+00
  0.0000000E+00  1.3000000E-03  7.4999998E-03  2.4400000E-02  4.6599999E-02
  6.7100003E-02  7.7000000E-02  7.0600003E-02  5.7500001E-02  4.6599999E-02
  4.6500001E-02  6.1299998E-02  8.9299999E-02  0.1164000      0.1464000    
  0.1531000      0.1650000      0.1463000      9.3800001E-02  5.2900001E-02
  2.8999999E-02  1.4400000E-02  6.0999999E-03  2.4999999E-03  3.0000001E-04
  0.0000000E+00  0.0000000E+00  0.0000000E+00  0.0000000E+00  0.0000000E+00
  0.0000000E+00  0.0000000E+00  0.0000000E+00  0.0000000E+00  0.0000000E+00
  0.0000000E+00  0.0000000E+00  0.0000000E+00  4.9000001E-03  1.7000001E-02
  3.5300002E-02  5.5799998E-02  7.1400002E-02  7.5800002E-02  7.7399999E-02
  7.8500003E-02  8.6800002E-02  0.1030000      0.1188000      0.1302000    
  0.1410000      0.1227000      0.1160000      8.9599997E-02  6.1400000E-02
  4.1000001E-02  2.5200000E-02  1.2800000E-02  5.5999998E-03  2.3000001E-03
  1.9999999E-04  0.0000000E+00  0.0000000E+00  0.0000000E+00  0.0000000E+00
  0.0000000E+00  0.0000000E+00  0.0000000E+00  0.0000000E+00  0.0000000E+00
  0.0000000E+00  0.0000000E+00  0.0000000E+00  0.0000000E+00  3.0000000E-03
  1.0100000E-02  2.1800000E-02  3.7999999E-02  5.2999999E-02  6.2600002E-02
  6.8200000E-02  7.4400000E-02  8.3200000E-02  9.6500002E-02  0.1082000    
  0.1150000      0.1190000      8.9500003E-02  7.5900003E-02  5.6600001E-02
  4.3099999E-02  3.2000002E-02  2.1199999E-02  1.2000000E-02  5.5000000E-03
  2.0000001E-03  9.9999997E-05  0.0000000E+00  0.0000000E+00  0.0000000E+00
  0.0000000E+00  0.0000000E+00  0.0000000E+00  0.0000000E+00  0.0000000E+00
  0.0000000E+00  0.0000000E+00  0.0000000E+00  0.0000000E+00  0.0000000E+00
  2.0000001E-03  6.0000001E-03  1.1400000E-02  1.8600000E-02  2.7000001E-02
  3.4699999E-02  4.1099999E-02  4.7699999E-02  5.9599999E-02  7.2999999E-02
  8.3099999E-02  8.8000000E-02  8.9800000E-02  5.9300002E-02  4.9500000E-02
  3.8800001E-02  3.1099999E-02  2.4300000E-02  1.8100001E-02  1.1600000E-02
  5.5000000E-03  1.8000000E-03  9.9999997E-05  0.0000000E+00  0.0000000E+00
  0.0000000E+00  0.0000000E+00  0.0000000E+00  0.0000000E+00  0.0000000E+00
  0.0000000E+00  0.0000000E+00  0.0000000E+00  0.0000000E+00  0.0000000E+00
  0.0000000E+00  1.4000000E-03  3.8000001E-03  6.6000000E-03  9.7000003E-03
  1.4800000E-02  2.0300001E-02  2.5800001E-02  3.2800000E-02  4.3499999E-02
  5.3300001E-02  5.8800001E-02  6.1299998E-02  6.2399998E-02  4.0100001E-02
  3.4600001E-02  2.7700000E-02  2.2200000E-02  1.8100001E-02  1.4700000E-02
  1.0300000E-02  4.9999999E-03  1.7000000E-03  9.9999997E-05  0.0000000E+00
  0.0000000E+00  0.0000000E+00  0.0000000E+00  0.0000000E+00  0.0000000E+00
  0.0000000E+00  0.0000000E+00  0.0000000E+00  0.0000000E+00  0.0000000E+00
  0.0000000E+00  0.0000000E+00  7.9999998E-04  2.4999999E-03  4.3000001E-03
  6.8999999E-03  1.0500000E-02  1.4600000E-02  1.8500000E-02  2.4499999E-02
  3.2000002E-02  3.7900001E-02  4.1700002E-02  4.3600000E-02  4.3499999E-02
  2.7500000E-02  2.4700001E-02  2.0400001E-02  1.5900001E-02  1.3500000E-02
  1.1300000E-02  8.3999997E-03  4.4000000E-03  1.4000000E-03  9.9999997E-05
  0.0000000E+00  0.0000000E+00  0.0000000E+00  0.0000000E+00  0.0000000E+00
  0.0000000E+00  0.0000000E+00  0.0000000E+00  0.0000000E+00  0.0000000E+00
  0.0000000E+00  0.0000000E+00  0.0000000E+00  0.0000000E+00  1.7000000E-03
  3.3000000E-03  5.5000000E-03  8.3999997E-03  1.1100000E-02  1.4000000E-02
  1.8999999E-02  2.3700001E-02  2.7500000E-02  3.0200001E-02  3.1399999E-02
  2.9899999E-02  1.9200001E-02  1.7300000E-02  1.4400000E-02  1.1500000E-02
  9.8000001E-03  8.2999999E-03  6.3999998E-03  3.7000000E-03  1.3000000E-03
  9.9999997E-05  0.0000000E+00  0.0000000E+00  0.0000000E+00  0.0000000E+00
  0.0000000E+00  0.0000000E+00  0.0000000E+00  0.0000000E+00  0.0000000E+00
  0.0000000E+00  0.0000000E+00  0.0000000E+00  0.0000000E+00  0.0000000E+00
  1.3000000E-03  2.4999999E-03  4.4000000E-03  6.3000000E-03  8.1000002E-03
  1.0600000E-02  1.4200000E-02  1.7200001E-02  1.9600000E-02  2.1000000E-02
  2.1299999E-02  2.0500001E-02  1.3000000E-02  1.1700000E-02  1.0200000E-02
  8.2999999E-03  6.8999999E-03  5.9000002E-03  4.6999999E-03  3.0000000E-03
  3.9999999E-04  0.0000000E+00  0.0000000E+00  0.0000000E+00  0.0000000E+00
  0.0000000E+00  0.0000000E+00  0.0000000E+00  0.0000000E+00  0.0000000E+00
  0.0000000E+00  0.0000000E+00  0.0000000E+00  0.0000000E+00  0.0000000E+00
  0.0000000E+00  0.0000000E+00  1.7000000E-03  3.1999999E-03  4.6000001E-03
  5.7999999E-03  7.8999996E-03  1.0400000E-02  1.2200000E-02  1.3500000E-02
  1.4100000E-02  1.4000000E-02  1.3600000E-02  8.5000005E-03  7.8999996E-03
  7.0000002E-03  5.7999999E-03  4.8000002E-03  4.0000002E-03  3.1999999E-03
  2.0999999E-03  1.9999999E-04  0.0000000E+00  0.0000000E+00  0.0000000E+00
  0.0000000E+00  0.0000000E+00  0.0000000E+00  0.0000000E+00  0.0000000E+00
  0.0000000E+00  0.0000000E+00  0.0000000E+00  0.0000000E+00  0.0000000E+00
  0.0000000E+00  0.0000000E+00  0.0000000E+00  1.3000000E-03  2.3000001E-03
  3.1000001E-03  4.1000000E-03  5.7999999E-03  7.1999999E-03  8.2999999E-03
  8.9999996E-03  9.2000002E-03  8.9999996E-03  8.8999998E-03  5.5000000E-03
  5.2000000E-03  4.6999999E-03  4.0000002E-03  3.3000000E-03  2.6000000E-03
  2.0000001E-03  1.5000000E-03  9.9999997E-05  0.0000000E+00  0.0000000E+00
  0.0000000E+00  0.0000000E+00  0.0000000E+00  0.0000000E+00  0.0000000E+00
  0.0000000E+00  0.0000000E+00  0.0000000E+00  0.0000000E+00  0.0000000E+00
  0.0000000E+00  0.0000000E+00  0.0000000E+00  0.0000000E+00  9.9999997E-05
  1.5000000E-03  2.0999999E-03  2.7999999E-03  4.0000002E-03  4.8000002E-03
  5.4000001E-03  5.7999999E-03  5.7999999E-03  5.7000001E-03  5.5999998E-03
  3.5999999E-03  3.4000000E-03  3.1000001E-03  2.6000000E-03  2.0999999E-03
  1.7000000E-03  1.3000000E-03  8.9999998E-04  9.9999997E-05  0.0000000E+00
  0.0000000E+00  0.0000000E+00  0.0000000E+00  0.0000000E+00  0.0000000E+00
  0.0000000E+00  0.0000000E+00  0.0000000E+00  0.0000000E+00  0.0000000E+00
  0.0000000E+00  0.0000000E+00  0.0000000E+00  0.0000000E+00  0.0000000E+00
  0.0000000E+00  8.9999998E-04  1.4000000E-03  2.0000001E-03  2.7000001E-03
  3.3000000E-03  3.5999999E-03  3.7000000E-03  3.7000000E-03  3.7000000E-03
  3.5999999E-03  2.3000001E-03  2.2000000E-03  2.0000001E-03  1.7000000E-03
  1.4000000E-03  1.1000000E-03  8.9999998E-04  6.0000003E-04  9.9999997E-05
  0.0000000E+00  0.0000000E+00  0.0000000E+00  0.0000000E+00  0.0000000E+00
  0.0000000E+00  0.0000000E+00  0.0000000E+00  0.0000000E+00  0.0000000E+00
  0.0000000E+00  0.0000000E+00  0.0000000E+00  0.0000000E+00  0.0000000E+00
  0.0000000E+00  0.0000000E+00  6.0000003E-04  1.0000000E-03  1.5000000E-03
  1.9000000E-03  2.2000000E-03  2.4000001E-03  2.4000001E-03  2.4000001E-03
  2.3000001E-03  2.3000001E-03  1.4000000E-03  1.4000000E-03  1.3000000E-03
  1.1000000E-03  8.9999998E-04  6.9999998E-04  5.0000002E-04  3.9999999E-04
  0.0000000E+00  0.0000000E+00  0.0000000E+00  0.0000000E+00  0.0000000E+00
  0.0000000E+00  0.0000000E+00  0.0000000E+00  0.0000000E+00  0.0000000E+00
  0.0000000E+00  0.0000000E+00  0.0000000E+00  0.0000000E+00  0.0000000E+00
  0.0000000E+00  0.0000000E+00  0.0000000E+00  3.9999999E-04  6.0000003E-04
  8.9999998E-04  1.2000001E-03  1.3000000E-03  1.5000000E-03  1.5000000E-03
  1.5000000E-03  1.5000000E-03  1.4000000E-03  8.9999998E-04  8.9999998E-04
  7.9999998E-04  6.9999998E-04  5.0000002E-04  3.9999999E-04  3.0000001E-04
  1.9999999E-04  0.0000000E+00  0.0000000E+00  0.0000000E+00  0.0000000E+00
  0.0000000E+00  0.0000000E+00  0.0000000E+00  0.0000000E+00  0.0000000E+00
  0.0000000E+00  0.0000000E+00  0.0000000E+00  0.0000000E+00  0.0000000E+00
  0.0000000E+00  0.0000000E+00  0.0000000E+00  0.0000000E+00  3.0000001E-04
  3.9999999E-04  6.0000003E-04  6.9999998E-04  7.9999998E-04  8.9999998E-04
  8.9999998E-04  8.9999998E-04  8.9999998E-04  8.9999998E-04  6.0000003E-04
  5.0000002E-04  5.0000002E-04  3.9999999E-04  3.0000001E-04  3.0000001E-04
  1.9999999E-04  9.9999997E-05  0.0000000E+00  0.0000000E+00  0.0000000E+00
  0.0000000E+00  0.0000000E+00  0.0000000E+00  0.0000000E+00  0.0000000E+00
  0.0000000E+00  0.0000000E+00  0.0000000E+00  0.0000000E+00  0.0000000E+00
  0.0000000E+00  0.0000000E+00  0.0000000E+00  0.0000000E+00  0.0000000E+00
  1.9999999E-04  1.9999999E-04  3.9999999E-04  5.0000002E-04  5.0000002E-04
  6.0000003E-04  6.0000003E-04  6.0000003E-04  6.0000003E-04  6.0000003E-04
  3.0000001E-04  3.0000001E-04  3.0000001E-04  3.0000001E-04  1.9999999E-04
  1.9999999E-04  9.9999997E-05  9.9999997E-05  0.0000000E+00  0.0000000E+00
  0.0000000E+00  0.0000000E+00  0.0000000E+00  0.0000000E+00  0.0000000E+00
  0.0000000E+00  0.0000000E+00  0.0000000E+00  0.0000000E+00  0.0000000E+00
  0.0000000E+00  0.0000000E+00  0.0000000E+00  0.0000000E+00  0.0000000E+00
  0.0000000E+00  9.9999997E-05  9.9999997E-05  1.9999999E-04  3.0000001E-04
  3.0000001E-04  3.9999999E-04  3.9999999E-04  3.9999999E-04  3.0000001E-04
  3.0000001E-04
   5.850000      -13.25000     20140907060000  9.3676008E-02  0.2414000    
  0.1630518    
  0.0000000E+00  0.0000000E+00  0.0000000E+00  0.0000000E+00  0.0000000E+00
  0.0000000E+00  0.0000000E+00  0.0000000E+00  0.0000000E+00  0.0000000E+00
  0.0000000E+00  0.0000000E+00  0.0000000E+00  0.0000000E+00  0.0000000E+00
  0.0000000E+00  0.0000000E+00  0.0000000E+00  0.0000000E+00  0.0000000E+00
  0.0000000E+00  0.0000000E+00  0.0000000E+00  0.0000000E+00  0.0000000E+00
  0.0000000E+00  0.0000000E+00  0.0000000E+00  0.0000000E+00  0.0000000E+00
  0.0000000E+00  0.0000000E+00  0.0000000E+00  0.0000000E+00  0.0000000E+00
  0.0000000E+00  0.0000000E+00  0.0000000E+00  0.0000000E+00  0.0000000E+00
  0.0000000E+00  0.0000000E+00  0.0000000E+00  0.0000000E+00  0.0000000E+00
  0.0000000E+00  0.0000000E+00  0.0000000E+00  0.0000000E+00  0.0000000E+00
  0.0000000E+00  0.0000000E+00  0.0000000E+00  0.0000000E+00  0.0000000E+00
  0.0000000E+00  0.0000000E+00  0.0000000E+00  0.0000000E+00  0.0000000E+00
  0.0000000E+00  0.0000000E+00  0.0000000E+00  0.0000000E+00  0.0000000E+00
  0.0000000E+00  0.0000000E+00  0.0000000E+00  0.0000000E+00  0.0000000E+00
  0.0000000E+00  0.0000000E+00  0.0000000E+00  0.0000000E+00  0.0000000E+00
  0.0000000E+00  0.0000000E+00  0.0000000E+00  0.0000000E+00  0.0000000E+00
  0.0000000E+00  0.0000000E+00  0.0000000E+00  0.0000000E+00  0.0000000E+00
  0.0000000E+00  0.0000000E+00  0.0000000E+00  0.0000000E+00  0.0000000E+00
  0.0000000E+00  0.0000000E+00  0.0000000E+00  0.0000000E+00  0.0000000E+00
